25
0 11 10 15 7 18 9 17 8 11 19 20 14 18 9 11 13 20 12 7 13 15 10 19 3 
11 0 4 17 4 3 10 18 20 20 20 12 18 6 19 7 14 2 5 19 7 9 7 0 18 
10 4 0 6 6 18 10 7 9 10 6 0 7 10 1 2 14 7 17 3 8 17 15 14 0 
15 17 6 0 14 2 14 6 17 3 16 16 19 0 4 2 14 6 9 16 20 1 5 0 12 
7 4 6 14 0 6 10 10 20 6 16 1 0 17 5 5 14 1 7 13 9 14 0 16 15 
18 3 18 2 6 0 8 2 20 8 17 3 4 0 18 15 7 10 18 8 13 12 6 8 13 
9 10 10 14 10 8 0 11 20 19 10 3 14 5 10 8 9 17 8 14 14 12 19 0 17 
17 18 7 6 10 2 11 0 15 19 15 18 11 8 12 7 20 3 0 6 5 0 11 11 16 
8 20 9 17 20 20 20 15 0 8 0 0 16 4 6 15 20 20 5 14 6 0 15 14 20 
11 20 10 3 6 8 19 19 8 0 11 20 15 20 14 4 14 20 16 17 6 7 16 8 0 
19 20 6 16 16 17 10 15 0 11 0 19 8 1 14 7 11 1 0 17 9 11 20 9 8 
20 12 0 16 1 3 3 18 0 20 19 0 15 15 6 19 5 0 13 15 20 15 11 2 11 
14 18 7 19 0 4 14 11 16 15 8 15 0 4 12 3 0 17 16 7 10 2 7 16 9 
18 6 10 0 17 0 5 8 4 20 1 15 4 0 15 9 2 10 18 2 5 0 7 4 18 
9 19 1 4 5 18 10 12 6 14 14 6 12 15 0 14 10 18 16 2 20 20 9 2 18 
11 7 2 2 5 15 8 7 15 4 7 19 3 9 14 0 20 20 20 6 2 7 15 16 12 
13 14 14 14 14 7 9 20 20 14 11 5 0 2 10 20 0 5 2 3 1 4 11 11 17 
20 2 7 6 1 10 17 3 20 20 1 0 17 10 18 20 5 0 2 19 18 10 0 15 1 
12 5 17 9 7 18 8 0 5 16 0 13 16 18 16 20 2 2 0 1 1 13 17 18 5 
7 19 3 16 13 8 14 6 14 17 17 15 7 2 2 6 3 19 1 0 2 18 6 10 17 
13 7 8 20 9 13 14 5 6 6 9 20 10 5 20 2 1 18 1 2 0 5 11 19 4 
15 9 17 1 14 12 12 0 0 7 11 15 2 0 20 7 4 10 13 18 5 0 13 5 7 
10 7 15 5 0 6 19 11 15 16 20 11 7 7 9 15 11 0 17 6 11 13 0 13 12 
19 0 14 0 16 8 0 11 14 8 9 2 16 4 2 16 11 15 18 10 19 5 13 0 14 
3 18 0 12 15 13 17 16 20 0 8 11 9 18 18 12 17 1 5 17 4 7 12 14 0 
1
5